0 1 2 3 4 5 6 7 8 9 10 11 12 14 15 16 17 18 19 20 21 
21 
17 19 
19 
2 19 
9 
9 
1 3 5 7 9 12 21 
9 17 19 
3 
1 
1 3 16 
2 17 21 
21 
2 
2 20 
19 
21 
21 
17 
2 5 19 
15 19 
17 
19 
15 
17 
5 
2 19 
19 21 
3 19 
21 
12 
3 6 10 12 
19 
1 
3 
10 
1 
19 
20 
1 4 21 
21 
21 
2 10 12 
9 
2 4 11 19 
1 14 21 
5 
1 4 8 15 19 21 
2 8 
4 
1 2 3 9 10 14 15 17 19 21 
16 19 
5 19 
18 
5 
1 
1 
15 21 
1 
5 6 
2 4 5 19 
9 
4 15 
19 
12 
5 12 
1 2 3 4 5 7 8 9 10 11 12 14 15 16 17 18 19 21 
5 15 
19 
1 9 19 21 
15 16 21 
11 15 
15 
20 
2 17 21 
19 
3 17 
18 
1 2 3 4 5 6 7 8 9 10 11 12 14 15 16 17 18 19 21 
21 
12 
10 15 
5 14 
12 
15 17 
2 4 14 15 19 
11 
1 3 5 7 8 9 10 12 14 15 16 17 18 19 21 
3 12 15 
0 1 2 3 4 5 6 7 8 9 10 11 12 14 15 16 17 18 19 20 21 
1 
10 21 
19 
5 12 18 
1 2 3 14 18 19 
3 10 11 18 19 21 
15 19 
21 
0 1 3 9 11 14 15 16 17 19 21 
1 2 3 4 5 12 14 15 17 18 19 21 
15 19 
8 
19 
5 12 15 19 21 
19 
3 15 17 19 
9 
15 
3 
2 9 
12 
2 
15 
12 
10 
1 2 3 5 8 9 10 12 14 15 17 18 19 20 21 
1 21 
3 14 
21 
19 
18 
0 12 
1 
5 9 12 16 19 
1 2 3 4 5 7 8 9 10 11 12 14 15 17 18 19 21 
8 
6 9 
3 5 10 15 19 20 21 
18 19 
1 4 
19 
12 15 
15 
1 3 19 
0 1 2 3 4 5 6 7 8 9 12 14 15 16 17 19 20 21 
4 
4 19 
19 
1 17 
0 15 
17 21 
19 
4 
21 
19 
2 5 10 15 21 
15 19 
3 
21 
19 
5 7 9 12 14 15 17 19 20 21 
19 
2 
1 15 
19 
2 3 7 15 19 21 
14 
1 10 17 19 
5 
2 14 21 
3 
1 11 
19 
8 11 
1 14 
19 
15 
0 17 19 
19 
21 
14 19 
21 
5 10 15 
12 
15 
12 19 
19 
15 
3 14 
1 9 
2 
19 
3 
4 15 
10 12 
5 
0 1 2 3 5 8 9 11 12 15 16 17 18 19 20 21 
18 
19 
3 16 
9 
1 2 3 4 5 6 7 8 9 10 11 12 14 15 16 17 18 19 20 21 
19 
21 
3 4 12 15 17 19 
3 5 
15 
7 
5 17 
10 19 
2 
4 
15 
15 
6 
15 
2 
1 12 18 19 
1 
3 5 6 11 19 21 
19 
5 10 12 15 21 
21 
19 
3 
2 10 14 15 19 21 
2 3 4 8 9 12 14 15 16 17 18 19 20 21 
19 
21 
9 14 19 
15 
15 
5 
3 
2 5 
15 
11 15 19 
10 12 19 21 
3 
1 2 3 5 10 11 15 17 19 21 
1 14 21 
15 
17 19 21 
21 
18 
0 1 5 19 21 
15 
9 
3 
19 
15 
5 8 15 19 
21 
9 15 
4 11 12 15 
21 
14 
2 4 5 11 15 18 21 
5 17 
21 
1 3 
14 
1 2 3 4 7 12 14 15 18 19 21 
19 
3 5 14 15 17 19 
16 
2 7 8 15 18 19 21 
8 
5 8 
11 
8 
14 
10 
8 
18 21 
15 
19 
14 19 
8 
15 
5 15 
21 
19 
3 5 15 18 
3 4 19 
4 5 9 21 
12 
12 15 
1 2 4 5 6 14 15 19 21 
14 
16 19 
15 
1 
10 
9 
3 
2 3 15 19 21 
5 10 15 
5 
2 
3 11 14 15 16 19 
3 
9 
2 
19 
2 
5 
5 19 
16 
1 4 
3 
3 8 
2 
17 19 
19 
1 5 14 15 17 18 19 21 
1 
2 5 15 19 
3 19 21 
21 
17 
15 
2 
5 8 9 15 17 21 
11 
15 
17 
2 
5 
19 
5 
17 
3 7 14 15 21 
19 
3 12 15 
17 
10 14 21 
4 15 
3 
3 
10 
8 
15 
5 19 
21 
21 
1 3 4 15 17 19 21 
12 
2 3 15 
10 21 
1 
1 
5 
15 19 
1 
5 
12 
1 
1 
14 
21 
4 
19 
1 
1 5 11 15 
1 2 3 4 5 6 7 8 9 10 11 12 14 15 16 17 18 19 20 21 
1 3 
15 
1 2 3 4 5 7 8 9 10 11 12 14 15 17 18 19 21 
21 
1 3 8 14 15 16 19 
2 
1 3 21 
1 2 11 12 14 19 
1 2 3 5 9 14 15 17 18 19 20 
9 12 21 
21 
2 3 5 9 14 16 19 20 21 
15 19 
2 
14 
1 16 
10 
10 14 19 
19 
21 
8 
2 9 10 12 15 
2 4 10 12 15 
14 
12 
8 19 
3 9 
5 
1 
1 
5 16 19 21 
21 
10 
21 
21 
3 9 14 19 21 
5 14 
9 
11 
1 12 
4 15 
21 
4 17 19 21 
1 5 
2 
19 21 
2 19 
19 
18 
9 
2 
3 15 
15 18 19 
18 
21 
12 
2 
1 
11 
5 6 18 
1 
18 
5 
15 
4 10 12 15 
2 4 10 12 14 15 19 
2 
10 12 
4 15 
10 12 
2 
19 
3 6 7 8 11 14 16 18 19 
3 18 
1 15 
2 
15 
1 
3 
19 
16 19 
21 
5 
15 19 
8 
1 12 
15 
0 19 21 
4 
5 7 8 9 
9 21 
9 
0 
17 
18 
1 
15 
19 
14 
10 
1 
2 5 10 
3 15 
2 
21 
1 2 3 4 5 7 8 9 10 12 14 15 16 17 18 19 20 21 
4 
1 2 3 5 9 12 14 15 17 18 19 21 
21 
5 14 18 21 
5 12 
12 
19 
17 
19 
1 18 
19 
12 15 
15 
19 
9 17 
15 
1 16 
12 15 17 
18 
17 
1 2 14 15 20 
15 
2 
2 4 10 14 
3 
19 
1 17 
18 
21 
3 
21 
2 3 15 21 
19 
15 19 
15 
15 
19 
15 
11 
15 
5 
3 
3 
5 
15 
19 
16 
8 
9 15 
15 
12 19 21 
10 
17 
15 
3 15 17 19 
19 
15 
0 15 
1 
2 3 
19 
19 
19 
19 
17 
11 
2 17 
15 
18 
1 
14 
1 
19 
19 
10 18 
4 10 12 
15 
12 
14 17 
12 
2 
21 
2 8 9 15 17 18 19 21 
2 5 
15 
2 
15 
11 
15 
2 
19 
5 
16 19 
0 2 19 
12 19 
3 15 
14 19 21 
11 
17 
5 
12 18 
18 
15 
12 
15 
19 
1 
15 
4 15 
1 21 
16 
14 15 
1 15 21 
21 
2 
15 
7 14 
21 
14 
8 
21 
19 
15 
15 19 
19 
15 
11 
4 
21 
21 
21 
5 
15 
9 12 
3 16 
19 
2 
19 
19 
19 
14 
3 4 
12 
10 
1 
3 19 
17 
1 3 19 21 
21 
19 
1 3 4 5 7 8 9 10 11 12 14 15 16 17 18 19 21 
14 17 
14 19 
1 19 
10 
14 15 18 
19 
1 14 15 
19 
15 
7 14 21 
4 
21 
0 1 2 6 7 8 11 14 18 19 
1 3 5 8 11 12 15 17 19 20 21 
21 
1 
2 5 14 15 
1 
3 
1 15 17 18 19 21 
15 19 
19 
2 10 14 15 19 21 
3 
15 16 19 
1 
1 15 
21 
5 
6 15 21 
2 19 
19 
3 19 20 21 
19 
2 19 
15 
5 
2 
19 
21 
21 
18 
12 
12 
9 11 
10 16 19 
15 
5 
19 
19 
15 
5 
16 
5 15 16 17 19 21 
17 
1 
2 
2 
19 
12 
9 
2 
2 15 
12 
10 12 
10 12 
19 21 
10 12 
2 10 19 
12 19 
3 5 9 10 12 17 19 
9 
10 14 19 
19 
15 
2 
5 
4 12 
15 
2 
19 
17 
2 3 5 6 14 19 
2 
2 
21 
14 
2 21 
4 
1 3 5 6 8 9 11 12 14 15 17 19 20 21 
21 
6 
2 4 14 21 
17 
15 19 21 
19 
8 14 19 
18 
12 
21 
14 
3 
15 
1 4 18 19 20 
10 19 
7 15 
3 4 
3 19 
1 
10 
15 19 
17 
18 
10 
9 
18 
14 
14 
7 
5 
2 
3 15 21 
19 
15 
21 
21 
12 
14 
15 
2 
19 
1 2 3 5 6 7 8 9 10 11 12 14 15 16 17 18 19 20 21 
5 
1 
17 19 21 
13 
1 3 11 16 19 
19 
3 15 17 19 
3 
1 2 5 8 15 18 
15 
2 19 
8 9 
5 10 12 15 18 19 
2 
2 5 8 9 12 15 17 19 20 21 
11 15 21 
2 
21 
1 2 15 
15 
5 
3 5 9 14 15 19 
15 
19 
0 
10 12 15 19 21 
15 
19 
15 
8 
15 
1 
19 
21 
1 
3 
15 19 
8 
19 21 
19 
5 6 19 
10 
6 
5 
15 
8 
2 
15 
16 
6 19 
3 9 11 14 15 19 21 
19 
0 2 11 15 16 19 
15 
10 15 16 21 
1 2 21 
18 
3 5 
5 9 
7 15 18 21 
21 
3 
3 
2 14 15 21 
19 
19 
19 
1 8 21 
4 10 11 18 
18 19 
2 
1 2 
3 
18 
15 
5 
1 
2 4 
15 
5 
19 
12 15 
5 
15 
8 14 15 18 19 
1 
9 11 15 
11 19 
21 
10 13 19 
12 18 19 20 
19 
21 
1 3 6 14 15 19 
17 
5 
21 
14 
3 15 19 
10 
17 
15 21 
15 
15 
2 3 10 15 
2 11 
2 
12 
9 
15 
5 8 10 14 19 21 
18 19 
1 
1 2 3 4 5 6 7 8 9 10 11 12 14 15 16 17 18 19 20 21 
1 
19 
15 
15 
5 15 19 20 
15 
19 
19 
3 17 
2 5 7 10 12 15 18 19 21 
1 2 12 15 19 21 
21 
5 
15 
15 19 
20 
21 
14 
19 
1 15 
12 
5 19 
3 
10 19 
1 3 4 9 10 11 12 15 18 19 21 
21 
2 9 12 14 15 16 17 19 20 
1 19 
1 2 5 12 15 18 19 21 
3 15 
19 
3 
3 19 
3 
14 19 
15 
1 5 
19 
4 
3 15 
9 
15 
15 
7 19 
14 
1 2 3 4 5 7 9 10 11 12 14 15 16 17 18 19 20 21 
6 
1 
3 5 6 7 8 9 10 16 17 18 19 21 
3 8 19 21 
3 
15 
19 
3 15 19 
18 
19 
3 10 
1 
1 5 8 10 11 12 15 19 21 
15 16 21 
1 2 4 5 8 9 14 15 21 
3 5 10 11 19 21 
8 
15 
1 5 7 12 15 
1 
1 2 3 4 7 9 10 11 15 17 19 20 21 
1 5 12 
4 
1 15 
15 
1 3 7 9 15 19 21 
21 
7 
2 
2 3 18 19 
19 
8 
2 15 
2 15 21 
3 
5 
15 
16 
5 10 15 19 21 
1 5 6 10 17 19 
1 2 6 8 10 17 
19 
5 
2 3 19 
3 8 9 21 
9 15 
3 
14 
5 
0 2 3 4 5 6 7 8 9 18 
19 
15 21 
5 
3 19 
3 
1 2 3 4 15 18 19 21 
3 
21 
5 9 15 
8 
5 
14 15 
14 19 21 
3 8 14 15 
8 
15 
21 
2 8 14 17 19 
1 17 18 21 
1 5 18 
14 
2 
17 
21 
15 
1 9 17 19 
4 
5 
8 
5 
2 
15 
10 
5 19 
1 8 11 12 14 15 17 19 21 
18 
17 19 
5 15 21 
4 9 12 15 
19 
1 2 4 9 10 12 15 18 19 21 
1 14 
21 
5 
14 
18 
1 
8 
11 
14 
1 15 
15 19 
3 5 14 15 16 19 21 
14 
1 14 
19 
19 
1 19 
21 
21 
4 10 12 15 
1 9 19 
9 
2 11 16 19 
2 
5 
5 21 
3 
1 2 
12 16 
19 
14 15 
1 8 12 16 18 
5 
2 6 
1 8 12 18 
3 7 14 
21 
8 
1 2 3 4 5 6 7 8 9 10 11 12 14 15 16 17 18 19 20 21 
15 
5 19 
12 19 
12 
10 
2 
3 14 15 19 21 
3 15 16 19 
16 
21 
3 
2 3 19 21 
3 
10 
19 
15 
1 8 15 18 19 21 
3 
14 
1 
1 4 5 8 12 15 19 
1 2 10 12 
4 
1 14 17 
1 2 7 8 10 19 
14 
3 
1 
2 
14 
11 
15 
17 
19 
15 19 
15 19 
2 11 
2 11 
19 
0 3 5 7 15 19 21 
5 
0 1 3 5 9 14 15 21 
3 
1 2 3 4 5 7 9 10 11 12 14 15 16 17 19 21 
10 
2 
2 15 
19 
5 
2 3 14 15 19 21 
3 
1 3 7 
19 
10 19 
20 
19 
3 
1 
3 10 12 
14 
19 
19 
15 
0 16 
15 19 
17 
9 18 
12 17 
2 
21 
21 
21 
15 
5 
21 
8 21 
15 
1 5 
21 
10 
19 
3 
14 
9 
1 3 4 7 10 15 19 21 
5 11 15 17 19 
7 9 14 
19 
21 
2 
2 
1 5 6 10 12 15 17 18 19 20 
18 
15 
19 21 
12 19 
9 
10 
14 
8 11 15 
3 5 6 10 12 15 17 19 20 21 
11 14 19 21 
5 15 19 
3 19 
2 5 9 14 15 
19 
1 2 
12 
10 
21 
19 
15 
1 2 3 5 7 8 9 10 11 12 14 15 16 17 18 19 21 
3 
0 5 
2 5 10 14 15 16 19 21 
17 
18 
12 15 
7 
2 3 7 10 12 14 15 21 
1 10 12 15 
11 
5 7 9 11 12 14 15 17 18 19 21 
1 2 3 4 5 6 7 9 11 14 15 16 17 18 19 20 21 
3 18 
19 
14 
21 
8 
14 
5 15 18 21 
18 19 
15 
5 17 18 19 
10 
15 19 
1 
5 
5 
1 
1 2 16 19 
1 
0 1 5 7 9 11 15 19 20 21 
19 
3 16 19 
10 21 
10 
5 
1 
3 
1 2 5 19 
4 21 
15 
19 
21 
5 
15 
15 
19 
21 
16 
11 19 21 
10 
4 
19 
1 
3 10 15 
21 
15 
5 19 
1 5 15 18 
2 3 5 
3 
3 
5 
1 
3 
6 
15 
15 
19 
8 12 14 21 
2 5 17 
3 
1 2 3 4 5 10 14 15 17 19 21 
16 
8 
5 15 19 21 
2 15 
12 14 15 19 21 
21 
5 19 
3 4 5 7 10 11 12 15 17 19 21 
14 17 19 
1 19 
5 12 
19 
15 
15 
5 
2 
15 17 21 
21 
2 3 5 14 15 19 21 
19 
16 
2 
21 
1 
19 
21 
19 
5 
5 8 14 18 19 
5 15 17 19 20 
5 
5 
3 8 15 19 
3 16 19 
1 2 3 4 5 7 9 10 11 12 14 15 18 19 20 21 
1 2 3 4 5 6 7 8 9 10 12 14 15 16 17 18 19 20 21 
2 5 15 18 
1 4 10 12 15 
1 2 3 4 5 8 9 10 11 12 14 15 16 17 18 19 21 
2 5 8 10 12 14 15 16 19 
1 
14 
21 
3 5 8 11 14 15 16 17 19 21 
3 10 11 14 15 19 21 
1 15 21 
2 
14 
1 2 3 4 5 10 12 14 15 17 19 21 
9 19 
15 19 
1 10 
14 
3 5 7 9 10 17 18 19 21 
10 18 
5 
11 
19 21 
3 
4 
5 
5 
19 
6 
0 
19 
21 
6 10 15 
17 
3 8 
7 12 15 19 21 
0 1 5 7 9 10 11 14 15 17 18 19 21 
21 
4 15 
21 
1 2 3 5 7 9 10 12 14 15 17 18 19 20 21 
9 
1 5 19 
12 
21 
14 
9 19 
1 5 21 
15 
3 5 
1 5 12 15 19 
21 
14 
21 
2 3 5 6 8 11 12 14 15 16 18 19 20 21 
2 3 5 9 14 15 19 21 
14 
3 19 
3 
0 1 2 3 4 5 6 7 8 9 10 11 12 14 15 16 18 19 20 21 
5 15 
2 15 
8 
9 21 
18 
1 7 9 15 16 17 19 21 
9 19 
21 
19 
1 2 3 19 21 
2 3 19 20 21 
5 14 17 18 
1 12 15 17 19 21 
12 17 19 
15 
5 9 
21 
2 5 10 12 18 19 21 
1 5 12 
21 
2 5 9 
2 
2 21 
1 7 9 19 21 
7 17 21 
3 5 6 7 8 9 12 14 15 17 19 20 21 
5 
1 2 3 5 7 9 10 12 14 15 17 18 19 21 
15 
18 
19 
4 10 
8 
9 
19 
3 19 
19 
14 
19 
18 
14 
2 14 17 18 19 20 21 
17 
2 17 19 20 21 
21 
10 
1 2 3 4 5 6 7 8 9 10 11 12 14 15 16 17 18 19 20 21 
4 
12 
1 2 3 4 5 6 7 8 9 10 12 14 15 16 17 18 19 20 21 
1 
8 14 
17 
8 12 
21 
10 
15 
15 16 
19 
16 
5 
19 
2 17 
15 
19 
3 
0 1 2 3 4 5 6 7 8 9 10 11 12 14 15 16 17 18 19 21 
5 
4 
19 
19 
2 5 9 10 15 18 21 
15 
15 
3 
19 
5 19 
19 
19 
5 
15 19 
1 
21 
19 
19 
19 
21 
19 
12 
21 
21 
1 
1 5 20 
10 
10 
10 
10 
3 
2 
18 19 
3 12 
14 
2 
19 
21 
16 
3 15 
12 
15 
15 
17 
13 
1 2 3 8 15 17 18 19 21 
15 
1 2 3 4 5 6 7 8 9 10 11 12 14 15 16 17 18 19 21 
7 15 
15 
1 2 3 4 5 6 7 8 9 10 11 12 14 15 16 17 18 19 20 21 
2 
2 5 15 
15 19 21 
14 
17 
3 8 
1 
1 15 
1 
18 
15 
0 6 7 8 9 11 15 17 18 21 
1 
14 
0 3 5 6 7 9 11 14 15 18 19 20 21 
21 
7 11 14 
8 
3 19 
18 
19 
15 
18 
8 9 12 14 19 21 
10 12 19 
12 
19 
0 11 15 16 19 
9 15 19 
19 
1 6 9 11 12 14 20 21 
21 
16 21 
3 10 12 
8 
19 
17 
12 
3 5 8 18 19 21 
11 
15 
3 
15 21 
10 
19 
1 
1 10 12 15 21 
14 
3 6 
21 
15 
14 17 19 21 
19 21 
2 
1 2 3 5 7 9 10 14 15 16 17 18 19 21 
5 
20 
1 
5 15 21 
5 9 21 
3 
10 
1 17 19 
17 21 
14 
1 2 4 10 12 15 18 21 
17 
18 
19 
3 
3 
19 
21 
3 5 8 15 19 21 
12 
11 19 
19 
2 
1 
1 14 
1 
14 
1 
0 5 6 7 8 18 21 
11 15 16 19 
19 
19 
2 19 
19 
18 19 21 
17 
2 
2 4 10 12 15 19 
10 15 
4 
14 
9 
1 
2 
1 15 19 
19 
5 12 19 
15 
1 2 5 6 7 10 12 14 15 19 21 
4 
1 3 5 19 21 
5 
19 21 
1 
3 14 21 
3 
5 15 
16 
0 5 
15 18 19 21 
5 14 15 19 
1 2 3 4 5 8 10 11 12 14 15 16 17 18 19 20 21 
1 
6 7 15 17 19 21 
5 19 
2 
17 
5 19 21 
4 
1 10 14 15 21 
10 15 17 19 
19 21 
5 10 12 15 16 18 19 21 
5 9 19 21 
15 
14 
1 2 3 5 9 10 12 14 15 17 18 19 21 
12 
14 
19 
19 
0 
10 
15 
5 
17 
12 
19 
4 21 
1 15 
15 
2 17 19 21 
2 5 15 17 18 19 21 
1 
5 
15 
4 5 
2 14 
2 21 
15 
1 2 3 5 7 8 9 10 12 14 15 16 17 18 19 20 21 
8 
19 
19 
8 15 
1 15 
19 
5 7 
5 9 12 15 
2 5 19 
1 3 4 5 8 9 11 12 14 15 16 17 18 19 21 
2 
3 19 21 
19 
1 2 5 12 15 17 18 19 20 21 
1 2 
15 
0 1 5 6 7 9 11 15 17 18 19 20 21 
1 5 12 15 19 
10 
19 
14 
14 16 19 
1 8 10 14 15 21 
2 4 
19 21 
0 1 2 3 4 7 8 9 10 11 12 15 17 19 21 
4 15 19 21 
9 
17 
9 
11 
6 15 19 
3 12 15 
1 
19 
14 
19 
14 
19 21 
2 12 15 17 21 
1 2 4 7 9 14 15 16 18 19 21 
2 
0 15 19 
0 1 12 15 21 
4 15 
5 15 
19 21 
19 
1 2 3 4 9 10 11 14 15 19 20 21 
1 2 15 17 19 
15 19 
1 5 15 18 
19 
1 2 3 4 5 10 11 15 17 18 19 21 
17 
19 
6 17 
21 
2 
12 
6 17 
15 
1 
1 3 10 12 14 15 16 18 19 21 
1 
21 
5 
3 5 15 19 21 
2 
4 12 15 
2 15 19 
15 
2 5 7 11 18 19 
15 
14 
12 
9 
1 
7 8 9 
9 
8 
9 
2 5 6 7 8 14 15 21 
21 
5 
14 18 
14 
9 
5 15 18 21 
1 2 3 4 5 7 10 11 12 14 15 18 19 
3 19 20 
1 2 3 4 5 6 7 8 9 10 11 12 14 15 16 17 18 19 20 21 
15 
2 3 8 15 18 
2 3 18 
1 3 4 14 15 19 21 
12 
15 19 
15 17 
9 
18 
21 
1 3 7 14 17 18 19 
19 
15 
1 
18 
3 18 
1 2 3 4 10 12 14 15 16 17 19 20 
21 
19 
1 14 
0 1 2 3 4 5 6 7 8 9 10 11 12 14 15 16 17 18 19 20 
3 14 15 
19 
16 18 19 
15 
19 
12 
5 
1 2 3 6 11 15 21 
15 
2 
1 
15 19 21 
3 19 
15 19 21 
3 
3 15 
15 
1 5 14 15 
19 
17 
15 
14 
17 
1 3 5 7 8 10 11 15 17 19 
1 2 3 4 5 9 14 15 17 19 21 
15 
15 
1 5 
3 
11 15 21 
5 
2 
17 19 
1 7 
4 
4 15 
8 15 19 21 
15 
19 
1 16 
4 
14 
2 
15 
21 
5 21 
1 
19 
15 19 
17 
8 
1 3 8 14 15 16 18 19 
3 
18 
14 
14 
2 
15 
2 
3 15 
3 
19 
21 
21 
18 
1 2 3 5 8 9 10 12 14 15 16 17 18 19 20 21 
3 
2 8 15 19 21 
0 2 4 10 
1 16 
10 
1 
1 2 3 4 5 6 15 16 17 19 20 
12 
2 3 5 18 
15 21 
21 
19 
21 
2 
3 
15 
21 
15 
1 2 3 6 9 10 12 14 15 16 18 19 21 
21 
19 
12 15 
12 
5 
15 21 
21 
21 
1 4 5 7 9 10 12 15 17 18 19 21 
3 
21 
1 2 3 4 5 6 7 8 9 10 11 12 14 15 16 17 18 19 20 21 
1 4 5 9 10 15 17 19 21 
1 2 5 14 19 21 
2 
11 14 
3 14 
16 
9 
1 15 19 21 
12 
15 16 21 
5 7 14 15 18 19 21 
3 
5 15 21 
2 
3 4 15 17 21 
19 
1 
19 
3 17 
5 8 
2 3 18 
7 17 19 
18 
2 4 
2 
14 
21 
1 2 3 18 19 21 
2 
0 2 4 12 15 17 19 20 21 
1 
1 2 3 4 5 7 8 10 11 12 14 15 16 17 18 19 21 
5 6 7 9 12 15 19 
2 3 5 7 14 15 21 
5 12 21 
4 
2 5 7 8 9 14 15 19 20 21 
21 
5 9 
1 2 3 5 8 9 10 12 14 15 16 17 18 19 21 
1 10 12 17 19 
19 21 
3 19 
2 12 14 15 18 19 21 
1 2 3 4 8 10 14 15 17 19 21 
4 
8 19 
1 2 3 4 5 6 7 8 9 10 11 12 14 15 16 17 18 19 21 
3 
3 15 21 
17 
1 2 5 8 14 15 19 21 
3 15 21 
21 
15 
1 2 3 5 7 9 10 12 14 15 17 18 19 21 
12 
1 2 3 5 6 7 8 9 10 11 12 14 15 18 19 20 21 
12 16 19 21 
15 21 
19 
17 
1 
9 
10 
9 
15 
5 
12 
5 
2 
1 18 
1 
1 
5 
2 
0 1 2 3 4 5 6 7 8 9 10 11 12 14 15 16 17 18 19 20 21 
1 3 17 19 21 
19 
12 19 
19 
19 
2 3 5 19 
19 
9 
14 
0 
12 19 
8 
1 3 16 
10 14 15 
3 
0 1 2 5 7 8 10 14 15 19 20 21 
0 1 2 3 4 5 7 8 9 12 14 15 16 17 18 19 21 
3 9 10 12 19 21 
1 2 4 5 8 10 12 14 15 18 19 21 
1 11 15 17 18 19 
1 15 
19 
15 
12 
1 18 19 
19 
12 
1 3 4 5 9 10 11 12 14 15 19 21 
1 
15 
21 
7 21 
5 
14 
15 
21 
5 
11 
0 1 2 3 5 11 14 15 17 18 19 21 
3 4 19 
1 3 4 6 9 11 12 14 15 17 19 20 21 
5 19 
1 3 5 8 9 11 14 15 16 17 18 19 20 21 
4 
11 
20 
19 
11 
3 10 
4 
20 
12 15 
2 3 9 15 19 
1 
19 
1 15 
15 
1 2 3 5 14 15 17 19 21 
15 
9 
5 
17 19 21 
6 
4 7 
1 
15 19 
5 
9 19 21 
15 
2 
19 
2 
15 
15 
21 
21 
7 15 
2 
19 21 
17 
1 18 
1 3 5 8 10 11 14 15 17 19 21 
5 11 15 21 
3 
0 18 
2 5 15 19 
19 
2 3 
11 19 
14 15 
9 15 18 
8 
9 19 
3 
12 
21 
10 12 15 19 
18 
2 11 15 16 19 
15 
19 
19 21 
15 
12 
3 
1 
1 
1 
15 
21 
19 
3 19 
19 
2 
9 
15 17 21 
21 
21 
21 
2 
8 
3 5 19 
19 
4 
1 
0 
15 
15 
15 
7 
1 15 
2 
4 
12 
2 10 
3 
19 21 
1 
19 
9 
1 
19 
19 
1 
3 
5 19 
1 3 5 14 17 18 19 
9 
14 
5 14 18 19 21 
18 
1 4 6 9 15 18 
2 
15 
15 19 
1 3 5 7 9 19 
15 17 19 21 
3 
3 15 
15 
1 
4 19 21 
1 
5 
21 
21 
14 
1 
2 5 15 18 19 
3 18 
1 15 
0 1 2 4 10 12 15 17 18 19 20 21 
1 
12 
1 
3 19 21 
3 
3 
5 12 21 
21 
3 16 19 
19 
3 15 19 21 
15 
17 
2 15 18 21 
12 17 
21 
1 2 3 4 5 11 12 15 16 17 18 19 20 21 
5 14 17 19 
16 19 
21 
21 
19 
11 14 
19 
5 
5 
7 
7 18 19 21 
19 
15 
1 
15 17 
1 3 5 15 19 
12 19 
1 3 9 12 19 
19 
1 
12 
17 
9 21 
1 
4 
18 
14 
12 
0 2 4 10 12 15 
2 
2 10 
19 
7 
19 
12 15 
19 
19 
19 
19 
1 8 9 14 
3 
8 16 
3 
1 
14 
6 10 15 18 
1 
2 19 
1 
5 19 
2 15 
3 
17 
15 
21 
19 
17 
2 4 14 15 17 
9 19 
5 8 
7 15 19 
8 
3 
19 
17 
12 15 19 
17 
1 
1 3 5 15 19 
1 
1 3 8 
19 
5 11 15 19 
9 
19 
17 
7 
19 
10 
15 19 
21 
18 
21 
4 15 
1 
1 17 19 
1 
12 
11 
19 
21 
19 
21 
21 
1 15 
19 21 
9 
19 
3 
19 
1 3 5 18 
11 
3 
15 21 
3 12 
5 
15 
18 
19 
1 3 
3 10 
1 2 3 5 15 19 21 
15 
15 
3 
19 
17 
19 
10 12 21 
7 
10 12 15 19 
5 19 
11 14 15 16 18 19 21 
2 
2 
1 
14 
14 
19 
19 
1 15 19 
21 
19 
19 
14 
4 
15 
15 
17 
2 21 
19 
1 
4 
12 
19 
15 
19 
16 
17 
15 
2 11 
19 
19 
8 
15 17 19 
19 
21 
1 4 
9 
19 
3 
17 19 
19 
15 
14 
13 
8 
1 
16 19 
2 
14 
1 5 21 
21 
1 3 5 8 9 14 15 
2 3 5 7 8 9 11 17 21 
14 
1 5 
19 
2 14 
3 
3 14 
10 
1 5 9 
0 1 5 10 11 12 14 15 21 
1 11 21 
10 
15 
2 4 5 8 10 12 15 19 21 
19 
2 
15 
19 
14 15 19 20 21 
20 21 
3 
11 
9 
12 
1 
21 
12 21 
1 
1 
4 
6 
1 3 15 
15 
19 
15 
19 
3 
19 
2 3 
5 
15 19 
5 18 
12 15 19 
19 
5 
1 5 9 19 21 
9 
5 
19 
1 2 3 4 5 6 7 8 9 10 11 12 14 15 17 18 19 20 21 
19 
3 
15 19 
1 5 
1 2 
21 
21 
3 12 
1 9 11 
3 14 
9 
2 10 
1 7 11 19 
0 1 7 11 14 
0 1 7 9 11 14 16 
0 15 19 
19 
1 2 14 15 17 19 21 
1 5 15 
1 
14 
19 21 
21 
15 19 
18 
5 
5 11 15 21 
2 
1 2 3 5 8 12 14 15 18 19 21 
14 
1 3 5 10 12 15 
5 
5 8 10 12 18 19 
19 
15 21 
4 
5 15 
5 
4 5 14 
15 
9 
1 
0 
19 
19 
12 
2 
1 17 
4 
5 
14 
2 
3 
10 15 
21 
19 
19 
18 
1 14 15 21 
3 9 19 
2 11 
1 11 14 15 
11 14 
19 21 
15 
19 
0 1 
2 
10 15 19 
1 17 
6 
1 2 3 5 6 8 9 10 12 14 15 16 17 19 20 21 
12 
1 2 9 14 15 19 
16 
5 7 15 
15 
11 12 15 
21 
19 
1 12 21 
3 19 
17 
17 19 21 
21 
14 
11 12 
9 19 20 
19 
2 
15 
19 
0 2 5 12 14 
0 15 21 
5 18 
3 18 
19 
5 19 
2 
12 
2 5 10 18 19 21 
12 
15 
10 
2 4 12 15 21 
12 
1 
16 
1 2 3 4 5 6 7 8 9 10 11 12 14 15 16 17 18 19 20 21 
8 
1 
1 6 8 19 
19 21 
3 9 
15 
19 
1 4 5 7 9 10 11 14 15 18 19 21 
19 
14 
3 
3 
2 
21 
11 14 
3 15 21 
2 
21 
1 
15 
5 
18 
1 
1 2 3 5 8 9 12 14 15 18 19 21 
14 
19 
15 
1 2 3 5 12 14 15 17 18 19 20 
14 
1 
10 15 19 
21 
15 
10 
2 
3 
15 
18 
2 8 
0 3 5 8 14 16 19 20 
2 
2 15 17 19 21 
1 15 
5 16 21 
14 
15 19 20 
7 12 21 
1 3 5 9 15 
1 
1 11 18 21 
1 
2 3 10 12 
5 15 
3 
2 6 15 
1 15 16 19 21 
10 
2 21 
12 
3 
19 21 
18 
1 3 5 7 8 18 19 20 21 
2 8 18 
5 
1 19 21 
1 9 
14 
8 15 19 
3 
2 
5 
15 
21 
19 
19 
19 
19 
1 8 
8 21 
4 
21 
7 
14 
8 
11 
5 
5 
21 
3 
1 
2 
3 
2 
14 
8 
15 
18 
8 
15 
1 2 3 4 5 6 7 8 9 10 11 12 14 15 16 17 18 19 20 21 
2 5 8 15 
3 16 19 21 
19 
21 
10 
2 
19 
4 
15 
12 
4 
1 2 5 6 7 8 9 10 11 12 14 15 17 18 19 21 
1 5 6 15 18 19 
1 
5 19 
15 
5 
6 21 
2 
1 9 
4 
21 
6 19 
1 2 21 
17 
3 5 9 15 17 19 21 
17 19 21 
1 8 15 19 21 
15 21 
16 
1 3 4 5 7 14 15 16 17 18 19 20 21 
16 
1 15 
21 
5 
12 
12 
1 
11 17 21 
1 12 
14 
1 
15 
5 6 9 15 17 19 21 
10 12 19 21 
3 
10 
21 
5 7 14 15 19 
2 
3 15 
3 
12 
3 
8 
1 4 5 10 12 15 18 19 21 
5 8 
1 
3 
15 
15 
8 
12 
10 
1 5 9 12 15 18 19 21 
1 
19 21 
5 
2 
19 21 
15 16 17 19 21 
1 5 9 11 15 19 21 
17 19 
3 19 
3 4 15 21 
21 
15 
0 21 
17 
4 
14 
1 3 12 15 17 19 21 
1 21 
19 
14 
19 
21 
19 
11 
18 
18 
1 
11 21 
19 
4 15 21 
10 
8 10 14 19 
3 21 
3 
1 2 3 7 9 12 
19 
1 
1 11 19 21 
3 15 
2 16 
21 
10 21 
3 
1 15 
8 
11 
21 
19 
17 
6 
17 
9 
19 
3 21 
5 
1 
14 21 
15 
15 19 
21 
15 
1 2 3 5 11 12 15 17 18 19 21 
4 
11 21 
19 21 
3 14 
19 
3 
15 
2 3 5 7 10 19 
2 18 
0 
0 1 2 
4 
1 3 15 19 
15 
12 14 21 
15 
3 
4 21 
15 
1 
7 
2 
5 6 7 8 
3 
15 
3 
1 5 11 14 15 16 21 
2 21 
2 15 
19 
10 
3 
19 
15 
3 19 
19 
1 2 4 5 8 9 12 14 15 17 19 20 21 
20 
15 19 
15 
2 6 9 12 15 18 21 
21 
21 
21 
1 
15 
1 2 21 
5 16 19 21 
14 
5 9 10 14 21 
12 19 
5 18 
5 
14 
15 19 
1 2 3 4 5 7 10 12 14 15 17 19 21 
3 19 
19 
3 
19 
2 21 
2 3 5 6 14 18 21 
1 
14 
15 19 20 
19 
5 6 
19 
2 12 14 15 19 
3 21 
2 19 
19 
6 11 14 
9 10 
6 
1 
1 3 4 5 7 8 9 11 12 14 15 16 17 18 19 20 21 
15 18 
2 
4 
1 
19 
2 
5 
9 10 15 19 
19 
19 
21 
15 
3 4 5 21 
15 
1 2 5 7 8 9 10 12 14 15 17 18 19 21 
1 4 14 15 17 19 21 
5 
1 20 
1 19 
1 2 3 4 5 7 8 9 10 11 12 14 15 16 17 18 19 20 21 
4 
0 1 2 3 4 5 6 7 8 9 10 11 12 13 14 15 16 17 18 19 20 21 
1 2 3 4 5 6 7 8 11 12 14 15 16 17 18 19 21 
1 2 10 11 12 15 19 21 
1 2 3 9 10 14 15 17 18 19 20 21 
9 15 19 
1 2 3 4 5 8 9 10 12 14 15 16 17 18 19 21 
1 2 3 5 6 8 9 10 11 12 14 15 17 18 19 21 
1 2 4 8 9 15 16 17 18 19 21 
15 19 
1 2 3 5 6 10 12 14 15 16 17 19 21 
1 2 5 8 9 10 11 12 14 15 17 18 19 20 21 
21 
14 
3 9 
1 3 19 21 
1 2 3 19 21 
5 9 12 17 18 19 21 
1 2 3 5 10 11 14 17 18 19 21 
15 19 
3 10 14 
1 2 3 4 5 6 7 8 9 10 11 12 15 16 17 18 19 20 21 
21 
19 
10 
19 
1 3 15 19 
1 2 3 5 6 7 8 9 10 12 14 15 16 17 18 19 20 21 
1 5 6 15 19 21 
1 10 11 15 19 21 
3 4 9 11 15 17 
3 14 15 17 19 21 
15 
10 
2 3 4 5 10 12 15 19 21 
3 
3 5 15 19 
1 3 
8 
3 10 
3 
19 
2 
1 5 15 
4 
21 
8 
3 5 9 10 12 15 17 18 19 
14 
2 3 5 6 8 9 10 12 14 15 18 19 
19 21 
14 
1 5 14 15 17 19 21 
1 2 3 5 7 9 11 12 15 17 19 21 
3 9 10 12 15 16 19 
1 3 7 9 15 19 21 
12 14 
0 1 2 3 4 5 6 7 8 9 10 11 12 14 15 16 17 18 19 20 21 
8 11 15 17 19 
3 4 10 11 15 19 
10 
1 5 6 9 15 19 
7 
1 2 3 4 5 9 10 11 12 14 15 17 18 19 20 21 
18 21 
1 
19 
7 
9 
7 
15 
14 
15 
14 
1 
15 19 21 
21 
1 
17 19 21 
2 8 
16 
17 
1 
4 10 12 19 
10 12 
17 
9 
11 
15 
21 
12 
15 
15 
18 
21 
19 
3 14 
15 19 
17 
18 
10 12 
5 19 
3 14 15 
21 
2 
2 15 
19 
15 
21 
2 5 9 12 14 15 17 19 21 
18 
21 
19 
1 5 
1 21 
2 5 15 19 21 
1 4 5 
0 3 14 15 
21 
19 
3 4 5 14 15 17 18 19 21 
3 19 
5 11 
15 
14 
15 
12 
15 
3 
17 
19 
2 9 15 17 
1 10 19 21 
19 
5 19 
5 
15 
1 2 3 7 11 12 14 15 17 18 19 21 
19 
15 
9 
1 
19 
14 
3 
2 7 9 11 19 
15 
3 11 15 18 19 
2 
7 
1 10 
12 
14 
19 
12 
9 
15 
19 
21 
21 
15 
21 
1 
2 7 14 15 19 21 
15 
12 
1 12 
10 
2 
15 
15 
15 19 
21 
15 
21 
21 
3 
15 17 21 
1 3 4 5 17 19 21 
9 
15 
21 
4 
3 5 7 8 14 18 19 
21 
1 2 3 5 8 10 11 14 15 17 18 19 20 21 
18 19 
1 21 
19 
19 
1 3 4 7 9 11 14 15 16 17 18 19 21 
3 
3 
3 5 15 17 19 
14 
19 
14 
11 
1 
1 
4 
15 
3 10 12 15 19 21 
19 
15 
11 
8 12 
10 
21 
15 
15 
1 
2 12 15 19 
0 1 2 3 4 5 6 7 8 9 10 11 12 14 15 16 17 18 19 20 21 
1 3 15 
1 3 15 
9 
1 2 5 11 14 15 18 19 21 
1 11 15 
21 
5 
19 
15 
10 15 19 
7 8 
2 
3 11 
14 
1 
10 15 
4 
15 21 
1 
2 
1 15 
5 
19 
18 
5 15 17 19 21 
3 19 21 
4 
17 19 
21 
21 
19 
17 18 
9 
0 
21 
1 
3 21 
5 
12 
21 
3 
1 
21 
15 21 
3 
1 
14 
2 
10 
20 
1 
2 3 5 7 8 10 11 12 14 15 18 19 21 
1 8 17 
1 9 21 
3 
1 3 5 21 
10 15 
19 
1 3 4 5 12 15 21 
18 21 
1 2 3 5 7 9 10 11 14 15 17 18 19 20 21 
10 
4 
19 
15 18 19 21 
1 3 21 
14 
5 12 15 17 19 21 
12 
1 
9 12 
15 
21 
3 8 
2 
10 19 
15 19 
2 10 15 19 20 21 
1 2 3 5 6 8 10 11 12 14 15 16 17 18 19 20 21 
5 
11 
14 
1 2 3 5 8 10 11 12 14 18 19 21 
17 
19 
1 2 3 5 6 7 8 9 10 11 12 14 15 17 18 19 21 
1 
1 2 3 4 5 8 9 11 12 14 15 17 18 19 21 
1 2 3 4 5 9 12 14 15 19 20 21 
19 
8 
1 12 19 21 
1 2 19 
19 
5 9 14 15 19 21 
1 2 3 4 5 9 10 11 12 15 17 19 20 21 
4 5 15 18 21 
2 
15 19 21 
3 
2 15 
7 
7 
1 2 3 4 5 6 8 9 10 11 12 14 15 19 21 
1 17 18 
1 2 4 12 15 17 19 21 
1 3 4 10 15 17 19 21 
1 2 3 5 8 9 10 11 12 14 17 18 19 21 
1 10 
5 15 
4 5 6 12 15 18 19 21 
5 8 15 21 
14 
10 
1 
1 2 3 4 5 7 8 9 10 12 14 15 16 17 18 19 20 21 
21 
3 6 12 14 18 19 
4 15 
1 9 15 21 
8 
1 3 
1 2 14 
1 14 
4 
14 
12 
1 12 19 
1 3 5 9 10 19 
5 
15 
11 15 17 19 21 
15 
1 4 12 18 19 
0 1 2 3 4 5 6 7 8 9 10 11 12 14 15 16 17 18 19 20 21 
10 14 15 17 19 
1 2 3 9 10 17 19 21 
2 8 12 14 19 21 
3 9 21 
2 
5 9 15 
12 
21 
19 
19 
5 14 18 19 21 
18 
2 3 4 15 
16 
1 11 
8 9 14 
12 
2 
2 
15 
19 
3 
1 2 14 15 18 19 21 
8 15 17 18 19 21 
3 17 
15 
1 2 10 11 15 18 19 21 
10 
2 10 15 
3 5 8 
5 
2 
1 8 9 
1 
21 
12 
2 19 21 
1 2 3 4 5 6 8 9 11 12 14 15 17 19 20 21 
5 19 
15 
19 
1 15 
14 
14 
21 
19 
19 
19 
19 
1 
7 
19 
19 
10 21 
10 
1 3 4 5 14 15 19 21 
12 
3 
11 
8 
1 3 18 
4 19 
1 8 
1 14 19 
2 3 14 15 18 19 
11 
2 3 4 5 7 8 10 11 12 14 15 16 17 18 19 21 
4 16 19 
17 
15 
5 21 
1 2 3 4 5 7 8 9 10 11 12 14 15 17 18 19 20 21 
2 4 5 8 10 12 15 17 19 21 
9 
1 2 3 4 5 7 8 9 10 11 12 14 15 17 18 19 20 21 
1 9 10 15 19 21 
1 4 15 
1 2 15 17 19 20 21 
21 
21 
